elapsed, window, total, successful, failed
10.000741, 10.000741, 867, 867, 0
20.001632, 10.000891, 863, 863, 0
30.001819, 10.000187, 708, 708, 0
40.003206, 10.001387, 758, 758, 0
50.000621, 9.997415, 767, 767, 0
60.004557, 10.003936, 637, 637, 0
70.001417, 9.99686, 766, 766, 0
80.000581, 9.999164, 631, 631, 0
90.001782, 10.001201, 649, 649, 0
100.0017, 9.999918, 710, 710, 0
110.002845, 10.001145, 653, 653, 0
120.001998, 9.999153, 755, 755, 0
130.003081, 10.001083, 665, 665, 0
140.001818, 9.998737, 798, 798, 0
150.001885, 10.000067, 850, 850, 0
160.001735, 9.99985, 970, 970, 0
170.001741, 10.000006, 846, 846, 0
180.002223, 10.000482, 731, 731, 0
190.000605, 9.998382, 802, 802, 0
200.001619, 10.001014, 635, 635, 0
210.001726, 10.000107, 702, 702, 0
220.001628, 9.999902, 725, 725, 0
230.001767, 10.000139, 672, 672, 0
240.001657, 9.99989, 879, 879, 0
250.001794, 10.000137, 614, 614, 0
260.001627, 9.999833, 755, 755, 0
270.001632, 10.000005, 767, 767, 0
280.001611, 9.999979, 676, 676, 0
290.001672, 10.000061, 727, 727, 0
300.001624, 9.999952, 767, 767, 0
310.001607, 9.999983, 747, 747, 0
320.00168, 10.000073, 617, 617, 0
330.001835, 10.000155, 756, 756, 0
340.001648, 9.999813, 820, 820, 0
350.00213, 10.000482, 758, 758, 0
360.001651, 9.999521, 828, 828, 0
370.001689, 10.000038, 791, 791, 0
380.00191, 10.000221, 667, 667, 0
390.001612, 9.999702, 786, 786, 0
400.001629, 10.000017, 893, 893, 0
410.005156, 10.003527, 758, 758, 0
420.000834, 9.995678, 820, 820, 0
430.007607, 10.006773, 927, 927, 0
440.001621, 9.994014, 666, 666, 0
450.001646, 10.000025, 745, 745, 0
460.001621, 9.999975, 711, 711, 0
470.001644, 10.000023, 842, 842, 0
480.001628, 9.999984, 849, 849, 0
490.001918, 10.00029, 818, 818, 0
500.002274, 10.000356, 767, 767, 0
510.000623, 9.998349, 629, 629, 0
520.001835, 10.001212, 628, 628, 0
530.001618, 9.999783, 696, 696, 0
540.001824, 10.000206, 761, 761, 0
550.00161, 9.999786, 814, 814, 0
560.001997, 10.000387, 613, 613, 0
570.005241, 10.003244, 875, 875, 0
580.002758, 9.997517, 690, 690, 0
590.002628, 9.99987, 664, 664, 0
600.001638, 9.99901, 870, 870, 0
610.00164, 10.000002, 751, 751, 0
620.004237, 10.002597, 614, 614, 0
630.000622, 9.996385, 592, 592, 0
640.001744, 10.001122, 721, 721, 0
650.002059, 10.000315, 793, 793, 0
660.000648, 9.998589, 777, 777, 0
670.001759, 10.001111, 570, 570, 0
680.001747, 9.999988, 674, 674, 0
690.001598, 9.999851, 809, 809, 0
700.001869, 10.000271, 875, 875, 0
710.002852, 10.000983, 789, 789, 0
720.001671, 9.998819, 762, 762, 0
730.001621, 9.99995, 927, 927, 0
740.001707, 10.000086, 883, 883, 0
750.002667, 10.00096, 858, 858, 0
760.002074, 9.999407, 899, 899, 0
770.000653, 9.998579, 710, 710, 0
780.001625, 10.000972, 643, 643, 0
790.001972, 10.000347, 957, 957, 0
800.001725, 9.999753, 832, 832, 0
810.002316, 10.000591, 691, 691, 0
820.001657, 9.999341, 768, 768, 0
830.001611, 9.999954, 852, 852, 0
840.001722, 10.000111, 723, 723, 0
850.001628, 9.999906, 518, 518, 0
860.001705, 10.000077, 618, 618, 0
870.001639, 9.999934, 695, 695, 0
880.00167, 10.000031, 815, 815, 0
890.001621, 9.999951, 716, 716, 0
900.001848, 10.000227, 767, 767, 0
910.001673, 9.999825, 863, 863, 0
920.001625, 9.999952, 869, 869, 0
930.001659, 10.000034, 701, 701, 0
940.001616, 9.999957, 771, 771, 0
950.001634, 10.000018, 1026, 1026, 0
960.001776, 10.000142, 819, 819, 0
970.002307, 10.000531, 655, 655, 0
980.001654, 9.999347, 816, 816, 0
990.001644, 9.99999, 616, 616, 0
1000.001626, 9.999982, 703, 703, 0
1010.00196, 10.000334, 734, 734, 0
1020.003676, 10.001716, 839, 839, 0
1030.00164, 9.997964, 839, 839, 0
1040.001707, 10.000067, 796, 796, 0
1050.001643, 9.999936, 877, 877, 0
1060.002961, 10.001318, 678, 678, 0
1070.001617, 9.998656, 738, 738, 0
1080.004243, 10.002626, 838, 838, 0
1090.001644, 9.997401, 757, 757, 0
1100.001615, 9.999971, 520, 520, 0
1110.001812, 10.000197, 780, 780, 0
1120.002096, 10.000284, 846, 846, 0
1130.00064, 9.998544, 768, 768, 0
1140.001646, 10.001006, 652, 652, 0
1150.00324, 10.001594, 653, 653, 0
1160.000772, 9.997532, 809, 809, 0
1170.001644, 10.000872, 688, 688, 0
1180.001727, 10.000083, 656, 656, 0
1190.001738, 10.000011, 1004, 1004, 0
1200.001603, 9.999865, 426, 426, 0
1210.001817, 10.000214, 537, 537, 0
1220.001633, 9.999816, 720, 720, 0
1230.001636, 10.000003, 512, 512, 0
1240.001601, 9.999965, 483, 483, 0
1250.001608, 10.000007, 776, 776, 0
1260.001746, 10.000138, 639, 639, 0
1270.001774, 10.000028, 713, 713, 0
1280.001748, 9.999974, 725, 725, 0
1290.001756, 10.000008, 593, 593, 0
1300.001637, 9.999881, 481, 481, 0
1310.001701, 10.000064, 512, 512, 0
1320.001642, 9.999941, 782, 782, 0
1330.003166, 10.001524, 615, 615, 0
1340.000624, 9.997458, 798, 798, 0
1350.001952, 10.001328, 750, 750, 0
1360.001739, 9.999787, 696, 696, 0
1370.001841, 10.000102, 722, 722, 0
1380.001639, 9.999798, 723, 723, 0
1390.001619, 9.99998, 698, 698, 0
1400.00224, 10.000621, 943, 943, 0
1410.001516, 9.999276, 739, 739, 0
1420.000642, 9.999126, 871, 871, 0
1430.008793, 10.008151, 636, 636, 0
1440.002885, 9.994092, 785, 785, 0
1450.00166, 9.998775, 705, 705, 0
1460.003791, 10.002131, 680, 680, 0
1470.002082, 9.998291, 730, 730, 0
1480.000651, 9.998569, 473, 473, 0
1490.00182, 10.001169, 708, 708, 0
1500.001687, 9.999867, 596, 596, 0
1510.002432, 10.000745, 526, 526, 0
1520.000612, 9.99818, 429, 429, 0
1530.002006, 10.001394, 537, 537, 0
1540.001597, 9.999591, 851, 851, 0
1550.001902, 10.000305, 850, 850, 0
1560.001641, 9.999739, 652, 652, 0
1570.001617, 9.999976, 823, 823, 0
1580.001621, 10.000004, 743, 743, 0
1590.00372, 10.002099, 845, 845, 0
1600.001654, 9.997934, 657, 657, 0
1610.001637, 9.999983, 819, 819, 0
1620.001645, 10.000008, 843, 843, 0
1630.001903, 10.000258, 795, 795, 0
1640.001751, 9.999848, 819, 819, 0
1650.0024, 10.000649, 914, 914, 0
1660.000706, 9.998306, 750, 750, 0
1670.001836, 10.00113, 813, 813, 0
1680.001733, 9.999897, 732, 732, 0
1690.001638, 9.999905, 678, 678, 0
1700.001633, 9.999995, 745, 745, 0
1710.001602, 9.999969, 697, 697, 0
1720.001613, 10.000011, 447, 447, 0
1730.001613, 10.0, 554, 554, 0
1740.001713, 10.0001, 409, 409, 0
1750.001723, 10.00001, 550, 550, 0
1760.002355, 10.000632, 682, 682, 0
1770.001651, 9.999296, 699, 699, 0
1780.001628, 9.999977, 533, 533, 0
1790.001888, 10.00026, 678, 678, 0
1800.001651, 9.999763, 399, 399, 0
1810.001736, 10.000085, 732, 732, 0
1820.001748, 10.000012, 679, 679, 0
1830.001738, 9.99999, 659, 659, 0
1840.001683, 9.999945, 960, 960, 0
1850.00165, 9.999967, 373, 373, 0
1860.002082, 10.000432, 776, 776, 0
1870.000656, 9.998574, 777, 777, 0
1880.001619, 10.000963, 915, 915, 0
1890.001623, 10.000004, 677, 677, 0
1900.002547, 10.000924, 705, 705, 0
1910.002956, 10.000409, 828, 828, 0
1920.001596, 9.99864, 768, 768, 0
1930.002889, 10.001293, 803, 803, 0
1940.001608, 9.998719, 572, 572, 0
1950.001604, 9.999996, 780, 780, 0
1960.0016, 9.999996, 637, 637, 0
1970.00174, 10.00014, 808, 808, 0
1980.00175, 10.00001, 739, 739, 0
1990.001705, 9.999955, 640, 640, 0
2000.001616, 9.999911, 824, 824, 0
2010.001843, 10.000227, 832, 832, 0
2020.001802, 9.999959, 859, 859, 0
2030.001658, 9.999856, 823, 823, 0
2040.001699, 10.000041, 745, 745, 0
2050.00178, 10.000081, 699, 699, 0
2060.002162, 10.000382, 747, 747, 0
2070.001193, 9.999031, 778, 778, 0
2080.003634, 10.002441, 669, 669, 0
2090.001761, 9.998127, 561, 561, 0
2100.001721, 9.99996, 334, 334, 0
2110.002092, 10.000371, 520, 520, 0
2120.000648, 9.998556, 362, 362, 0
2130.001635, 10.000987, 487, 487, 0
2140.002465, 10.00083, 536, 536, 0
2150.0015, 9.999035, 939, 939, 0
2160.000688, 9.999188, 613, 613, 0
2170.001646, 10.000958, 716, 716, 0
2180.00176, 10.000114, 763, 763, 0
2190.001649, 9.999889, 754, 754, 0
2200.006605, 10.004956, 811, 811, 0
2210.001836, 9.995231, 757, 757, 0
2220.001635, 9.999799, 723, 723, 0
2230.002678, 10.001043, 430, 430, 0
2240.001849, 9.999171, 781, 781, 0
2250.001612, 9.999763, 638, 638, 0
2260.001701, 10.000089, 776, 776, 0
2270.001736, 10.000035, 589, 589, 0
2280.001968, 10.000232, 898, 898, 0
2290.001758, 9.99979, 874, 874, 0
2300.003164, 10.001406, 951, 951, 0
2310.001035, 9.997871, 817, 817, 0
2320.000687, 9.999652, 644, 644, 0
2330.001623, 10.000936, 659, 659, 0
2340.001776, 10.000153, 620, 620, 0
2350.004554, 10.002778, 694, 694, 0
2360.000619, 9.996065, 799, 799, 0
2370.001807, 10.001188, 729, 729, 0
2380.001633, 9.999826, 731, 731, 0
2390.001685, 10.000052, 783, 783, 0
2400.001621, 9.999936, 735, 735, 0
2410.001749, 10.000128, 887, 887, 0
2420.003442, 10.001693, 790, 790, 0
2430.000628, 9.997186, 879, 879, 0
2440.001637, 10.001009, 523, 523, 0
2450.002568, 10.000931, 976, 976, 0
2460.002031, 9.999463, 881, 881, 0
2470.001626, 9.999595, 770, 770, 0
2480.005722, 10.004096, 985, 985, 0
2490.00181, 9.996088, 734, 734, 0
2500.001613, 9.999803, 843, 843, 0
2510.001755, 10.000142, 751, 751, 0
2520.001604, 9.999849, 845, 845, 0
2530.001623, 10.000019, 751, 751, 0
2540.001812, 10.000189, 735, 735, 0
2550.004315, 10.002503, 801, 801, 0
2560.001881, 9.997566, 891, 891, 0
2570.002075, 10.000194, 796, 796, 0
2580.000691, 9.998616, 824, 824, 0
2590.002062, 10.001371, 892, 892, 0
2600.000817, 9.998755, 753, 753, 0
2610.001886, 10.001069, 692, 692, 0
2620.002002, 10.000116, 878, 878, 0
2630.001649, 9.999647, 958, 958, 0
2640.002022, 10.000373, 885, 885, 0
2650.001681, 9.999659, 365, 365, 0
2660.002725, 10.001044, 837, 837, 0
2670.001696, 9.998971, 876, 876, 0
2680.001614, 9.999918, 874, 874, 0
2690.001965, 10.000351, 950, 950, 0
2700.002044, 10.000079, 881, 881, 0
2710.001051, 9.999007, 912, 912, 0
2720.000777, 9.999726, 768, 768, 0
2730.002012, 10.001235, 865, 865, 0
2740.001737, 9.999725, 890, 890, 0
2750.001711, 9.999974, 872, 872, 0
2760.001648, 9.999937, 811, 811, 0
2770.001658, 10.00001, 734, 734, 0
2780.001983, 10.000325, 797, 797, 0
2790.001621, 9.999638, 831, 831, 0
2800.001609, 9.999988, 489, 489, 0
2810.001749, 10.00014, 931, 931, 0
2820.003473, 10.001724, 744, 744, 0
2830.000634, 9.997161, 742, 742, 0
2840.001636, 10.001002, 762, 762, 0
2850.001733, 10.000097, 895, 895, 0
2860.001625, 9.999892, 835, 835, 0
2870.001655, 10.00003, 766, 766, 0
2880.001613, 9.999958, 871, 871, 0
2890.001861, 10.000248, 747, 747, 0
2900.001627, 9.999766, 817, 817, 0
2910.001793, 10.000166, 700, 700, 0
2920.00202, 10.000227, 880, 880, 0
2930.001625, 9.999605, 754, 754, 0
2940.001597, 9.999972, 723, 723, 0
2950.001644, 10.000047, 751, 751, 0
2960.003884, 10.00224, 878, 878, 0
2970.001882, 9.997998, 882, 882, 0
2980.002014, 10.000132, 842, 842, 0
2990.00223, 10.000216, 802, 802, 0
3000.001209, 9.998979, 700, 700, 0
3010.000877, 9.999668, 777, 777, 0
3020.001746, 10.000869, 886, 886, 0
3030.001611, 9.999865, 386, 386, 0
3040.002158, 10.000547, 754, 754, 0
3050.001122, 9.998964, 778, 778, 0
3060.000598, 9.999476, 845, 845, 0
3070.001675, 10.001077, 736, 736, 0
3080.001959, 10.000284, 775, 775, 0
3090.00628, 10.004321, 770, 770, 0
3100.000825, 9.994545, 920, 920, 0
3110.002379, 10.001554, 740, 740, 0
3120.001101, 9.998722, 708, 708, 0
3130.004227, 10.003126, 759, 759, 0
3140.000641, 9.996414, 703, 703, 0
3150.001631, 10.00099, 643, 643, 0
3160.001981, 10.00035, 625, 625, 0
3170.002705, 10.000724, 710, 710, 0
3180.000658, 9.997953, 800, 800, 0
3190.0019, 10.001242, 629, 629, 0
3200.004415, 10.002515, 759, 759, 0
3210.000736, 9.996321, 649, 649, 0
3220.001633, 10.000897, 698, 698, 0
3230.001674, 10.000041, 782, 782, 0
3240.001619, 9.999945, 714, 714, 0
3250.001858, 10.000239, 728, 728, 0
3260.002845, 10.000987, 836, 836, 0
3270.001741, 9.998896, 723, 723, 0
3280.003708, 10.001967, 893, 893, 0
3290.001644, 9.997936, 757, 757, 0
3300.001603, 9.999959, 817, 817, 0
3310.001701, 10.000098, 708, 708, 0
3320.001612, 9.999911, 757, 757, 0
3330.001881, 10.000269, 795, 795, 0
3340.001909, 10.000028, 858, 858, 0
3350.00345, 10.001541, 746, 746, 0
3360.000981, 9.997531, 731, 731, 0
3370.001774, 10.000793, 824, 824, 0
3380.001771, 9.999997, 681, 681, 0
3390.002275, 10.000504, 670, 670, 0
3400.000658, 9.998383, 588, 588, 0
3410.001939, 10.001281, 672, 672, 0
3420.001726, 9.999787, 754, 754, 0
3430.001685, 9.999959, 775, 775, 0
3440.001989, 10.000304, 869, 869, 0
3450.004884, 10.002895, 795, 795, 0
3460.000666, 9.995782, 903, 903, 0
3470.00249, 10.001824, 658, 658, 0
3480.000679, 9.998189, 805, 805, 0
3490.001632, 10.000953, 659, 659, 0
3500.0019, 10.000268, 859, 859, 0
3510.00177, 9.99987, 664, 664, 0
3520.001826, 10.000056, 663, 663, 0
3530.001686, 9.99986, 892, 892, 0
3540.00162, 9.999934, 847, 847, 0
3550.001782, 10.000162, 724, 724, 0
3560.001607, 9.999825, 868, 868, 0
3570.002128, 10.000521, 464, 464, 0
3580.000918, 9.99879, 796, 796, 0
3590.001778, 10.00086, 709, 709, 0
3600.001638, 9.99986, 674, 674, 0
3601.015156, 1.013518, 57, 57, 0
